EN-Rev IM/GN-AM-EN/2.2 Copyright © July, 2020. Canadian Solar Inc.
44 | 
Module Type
Maximum 
Power
Pmax <W>
Operating
voltage
Vmp <V>
Operating
current
Imp <A>
Open 
Circuit 
Voltage
Voc <V>
Short 
Circuit 
Current
Isc <A>
Max. 
Series
Fuse 
Rating <A>
Overall
Dimension
<mm>
Weight
<kg>
CS1K-310MS
310
35.2
8.82
43.1
9.37
20
1675x992x35
(65.9 x 39.1 x
1.38 in)
18.5
(40.8 lbs)
CS1K-315MS
315
35.4
8.91
43.2
9.44
20
CS1K-320MS
320
35.6
9.00
43.3
9.51
20
CS1K-325MS
325
35.8
9.09
43.4
9.58
20
CS1K-330MS
330
36.0 
9.18 
43.5 
9.65 
20
CS1K-335MS
335
36.2 
9.27 
43.6 
9.73 
20
CS1K-340MS
340
36.4 
9.35 
43.7 
9.81 
20
CS1K-345MS
345
36.6 
9.43 
43.8 
9.88 
20
CS1K-350MS
350
36.8 
9.51 
43.9 
9.95 
20
CS1K-355MS
355
37.0 
9.60 
44.0 
10.02 
20
CS1H-325MS
325
36.6
8.88
44.1
9.64
16
1700x992x35
(66.9 x 39.1 x
1.38 in)
19.2
(42.3 lbs)
CS1H-330MS
330
37.0
8.92
44.2
9.68
16
CS1H-335MS
335
37.4
8.96
44.3
9.72
16
CS1H-340MS
340
37.8
9.00
44.5
9.76
16
CS1H-345MS
345
38.2
9.04
44.6
9.80
16
CS1U-385MS
385
43.5 
8.86 
53.1 
9.45 
15
2078x992x35
(81.8 x 39.1 x
1.38 in)
23.4
(51.6 lbs)
CS1U-390MS
390
43.7 
8.93 
53.2 
9.50 
15
CS1U-395MS
395
43.9 
9.01 
53.3 
9.55 
15
CS1U-400MS
400
44.1 
9.08 
53.4 
9.60 
15
CS1U-405MS
405
44.3 
9.16 
53.5 
9.65 
15
CS1U-410MS
410
44.5 
9.23 
53.6 
9.70 
15
CS1U-415MS
415
44.7 
9.30 
53.7 
9.75 
15
CS1U-420MS
420
44.9 
9.37 
53.8 
9.80 
15
CS1U-425MS
425
45.1 
9.44 
53.9 
9.85 
15
CS1U-430MS
430
45.3 
9.51 
54.0 
9.90 
15
CS3W-385P
385
38.1
10.11
46.6
10.66
20
2108 x 1048 x 40
(83.0 x 41.3 x 
1.57 in)
24.9
(54.9 lbs)
CS3W-390P
390
38.3
10.1s9
46.8
10.74
20
CS3W-395P
395
38.5
10.26
47.0
10.82
20
CS3W-400P
400
38.7
10.34
47.2
10.90
20
CS3W-405P
405
38.9
10.42
47.4
10.98
20
CS3W-410P
410
39.1
10.49
47.6
11.06
20
CS3W-415P
415
39.3
10.56
47.8
11.14
20
CS3W-420P
420
39.5
10.64
48.0
11.26
20
CS3W-425P
425
39.7 
10.71 
48.2 
11.29 
20
CS3W-430P
430
39.9 
10.78 
48.4 
11.32 
20
CS3W-435P
435
40.1 
10.85 
48.6 
11.35 
20
CS3W-440P
440
40.3 
10.92 
48.7 
11.40 
20
CS3W-445P
445
40.5 
10.99 
48.8 
11.45 
20
CS3L-320P
320
31.8
10.07
38.8
10.66
20
1765 x 1048 x 40
(69.5 x 41.3 x 
1.57 in)
20.6
(45.4 lbs)
CS3L-325P
325
32.0
10.16
39.0
10.74
20
CS3L-330P 
330
32.2
10.24
39.2
10.82
20
CS3L-335P
335
32.4
10.34
39.4
10.90
20
CS3L-340P
340
32.6
10.43
39.6
10.98
20
CS3L-345P
345
32.8
10.52
39.8
11.06
20
CS3L-350P
350
33.0 
10.61 
40.2 
11.24 
20
CS3L-355P
355
33.2 
10.70 
40.4 
11.31 
20
CS3L-360P
360
33.4 
10.78 
40.6 
11.37 
20
CS3L-365P
365
33.6 
10.87 
40.8 
11.44 
20
